6800
2556
8274
6484
8385
3101
5800
9326
4512
2385
2325
9136
9924
1574
8038
9755
6962
9947
1956
1771
5968
7845
2346
8724
6113
4080
4528
3689
7054
2474
6125
9956
9136
2454
4241
8134
2662
1347
9005
1218
9092
4813
3851
7687
2738
7510
4076
7306
5641
4214
2906
8701
1407
7054
1444
4672
7186
5445
2404
2834
6337
7343
4813
3451
2379
3777
6859
1128
7926
4397
2069
8797
2763
3294
6945
7577
2336
3451
9594
5541
3438
9694
9083
1397
5085
1657
1898
3531
9877
4216
9988
7900
2463
5089
1997
2549
9851
9251
6102
1443
1751
2851
4512
5904
3590
1570
3561
5541
1408
3438
1834
2639
4144
6036
7950
9005
9516
9308
4667
2920
5463
4211
9882
3984
1997
1232
1834
9487
9988
7122
1698
7766
4241
7536
9108
7290
4026
6024
8274
9988
4764
8676
8890
1622
4416
8314
7067
4972
7964
2940
7011
1255
6723
2920
1121
4397
1622
2885
9594
7845
5505
3382
4206
1767
5172
7579
2565
1577
2738
2939
2565
6857
5655
1827
2639
2134
6125
2943
9065
4463
6665
9787
2767
7681
7680
2153
7130
2256
9549
3636
8909
1378
5749
7061
9516
9071
2634
7379
3278
3777
7533
4026
5841
3590
1657
4599
1827
3030
4313
2975
3317
6295
2663
9308
9813
6319
4098
8405
1213
2937
1510
4206
2667
2325
3294
5639
1227
6860
5749
9083
5617
7495
3347
6798
1737
3278
1408
9609
4080
1624
8038
6800
1659
2267
4211
7357
3703
5565
3008
9864
3495
7272
4156
7687
7510
3057
5749
9071
9188
3759
6319
8707
1218
2906
2285
2967
8676
5941
3216
1819
9355
6588
3896
2379
4267
9549
6430
8269
3531
8817
6760
1136
4098
3993
5445
9216
2266
4789
4528
2634
7269
6303
8150
6867
2389
4868
6430
1114
1826
9126
5472
7945
1751
7998
6790
4764
1317
5984
5176
9988
7981
3382
2805
6857
9899
1227
4664
5299
8724
7926
6790
3158
1632
1091
4540
2488
9251
6541
9587
5935
5089
8304
3636
9116
7068
7577
9326
3347
4445
4663
6790
2099
9065
6550
3190
2266
3666
7495
5696
5505
3057
8707
7374
6036
5255
7179
2903
2940
2903
2825
7067
1133
5176
9487
2555
8991
5904
1577
6117
8261
2939
4387
1665
6246
1791
7344
6024
5411
6337
6319
5183
9833
3030
3190
2871
8981
9355
1051
5920
2474
8460
9199
1427
9394
5299
6510
1066
1378
3649
3649
7945
1359
9063
4152
9354
1769
5255
7892
8912
2197
1232
5889
5177
5565
4672
7655
2272
4422
7363
7559
4883
1099
3254
9835
7275
5172
8981
7800
9237
5804
9880
1280
3841
2385
9520
2463
8135
4214
5024
1442
9947
3615
1427
3689
3615
3051
3294
7343
6526
9047
6790
6526
5920
5818
1359
5655
9513
7130
6665
5582
8262
2943
8455
5117
4177
9833
8797
2454
6723
7363
7641
9237
7290
4152
5611
4883
7364
1751
3343
1213
7307
6319
6462
2099
7218
5024
7579
9924
5818
5246
8405
1665
2834
8455
9956
2808
3613
9188
9189
9885
1570
5223
7111
4663
5655
3339
8385
5941
7197
3896
2333
8574
9063
3931
2008
8314
3897
1099
2012
1136
5176
4627
1539
8900
3897
4463
1768
4274
8912
7186
4422
2078
2136
6867
7533
1881
2292
9125
3762
6484
3984
2074
4386
7371
5984
6329
1444
8574
5163
4664
6113
4375
2667
7379
2136
1133
7983
9513
4433
2078
3762
6105
7964
5749
6370
8150
4676
1881
6552
3613
4793
9216
3841
3255
3158
7269
6723
7357
3757
4667
4214
5582
6220
7221
7371
4274
3590
9958
4387
4501
1306
5537
4098
1066
1051
1987
2389
5641
5968
9725
6798
6246
9787
2885
9125
2825
2663
9958
5395
8065
4433
4540
2808
5800
8673
4060
1280
6295
1769
3691
9289
5704
3495
3339
3846
5782
1128
9667
3255
8116
8671
3051
8119
1657
7272
5223
5463
1819
1768
8817
5935
2197
2793
2069
5462
2010
6125
5472
4599
1624
9880
5183
7506
4076
3183
1976
1737
3666
3443
7307
2257
1757
5760
5760
6723
5804
7011
5714
1430
8313
3490
4177
4216
7364
7609
7536
9882
3396
5655
2285
1430
9126
5412
3561
6105
1933
3561
6462
4319
9899
3810
1791
1604
4214
3993
9047
5117
8116
2967
1574
3537
7641
9145
3897
9760
7680
8005
6859
3823
3294
3824
2937
2915
2012
5411
1644
2333
2637
2662
2109
9694
9880
7800
7111
6102
9851
1347
7374
8119
4939
6239
9885
8671
4676
4267
9222
3183
1698
5696
2851
3561
7514
1632
9880
1826
9354
7122
7122
7275
9145
9754
7186
3823
2871
9168
9703
7218
8890
4939
4636
5529
4156
1470
7892
6397
3757
4501
2793
1767
5617
4636
5395
8540
4375
5176
5841
2267
7179
5462
5611
5603
2555
4579
1091
9289
6089
9513
8701
9813
7221
8626
7197
2272
3931
4313
2767
6089
6552
6541
5177
1539
1987
9108
3355
2292
9587
6072
6072
3343
4098
9755
8673
2404
8626
7211
1121
3355
3317
5782
8639
1933
9725
7983
9760
2074
9431
8839
7514
1751
2805
4445
1976
7609
1470
2257
2549
7506
9189
9092
6510
7122
7186
6588
1206
8065
6220
2346
2556
2109
6550
7211
5639
1407
5704
5537
1757
8134
5934
1644
3443
2488
7917
9877
7306
6760
5085
5412
9775
8991
8540
6370
2637
8135
1604
4319
7998
7766
9487
5603
9222
8262
7917
7950
1255
7981
9835
1128
7681
3216
3254
8460
4793
2134
6860
4579
1442
5163
3810
4060
9747
4966
6329
4144
3358
4868
1317
1956
8639
2008
8900
1659
2010
6125
9747
9116
8313
9513
7978
2336
3824
6239
9302
7061
8864
8269
8099
7559
6397
9394
2153
8864
5934
5529
8099
4386
3490
9431
5934
5890
7344
8304
9199
5889
7068
2256
6945
3846
4789
7655
1114
1397
9754
2763
3851
4972
5934
7900
5890
9168
9775
8839
3358
6962
8005
5246
1510
3008
4416
1771
3537
2975
9703
8261
1898
9520
5714
9667
3101
3396
3759
9864
1206
3691
1128
3590
9487
6303
4627
1443
4966
1657
3897
8909
9302
9609
2915
7978
1306
6117
3703
1098
